7988   0 8931   0 11273   0   0 16808   0 22504   0 27545   0 31730   0   0 37710   0 38166   0   0 42613   0 43043   0 43659   0   0   0 50074   0 50879   0   0   0 64441   0   0 75250   0 77924   0 78841   0   0   0 82328   0 84493   0   0   0 
20 keys 20 distinct keys
		(0)
	(0)
				(0)
			(0)
					(0)
				(0)
							(0)
						(84493)
							(0)
					(0)
							(0)
						(82328)
							(0)
		(0)
						(0)
					(0)
							(0)
						(0)
									(0)
								(78841)
									(0)
							(0)
									(0)
								(77924)
									(0)
				(0)
						(0)
					(75250)
						(0)
			(0)
				(0)
(0)
					(0)
				(64441)
					(0)
			(0)
					(0)
				(0)
						(0)
					(0)
								(0)
							(50879)
								(0)
						(0)
								(0)
							(50074)
								(0)
		(0)
					(0)
				(0)
							(0)
						(0)
									(0)
								(43659)
									(0)
							(0)
									(0)
								(43043)
									(0)
					(0)
							(0)
						(42613)
							(0)
			(0)
						(0)
					(0)
								(0)
							(38166)
								(0)
						(0)
								(0)
							(37710)
								(0)
				(0)
					(0)
	(0)
						(0)
					(31730)
						(0)
				(0)
						(0)
					(27545)
						(0)
			(0)
						(0)
					(22504)
						(0)
				(0)
						(0)
					(16808)
						(0)
		(0)
					(0)
				(0)
							(0)
						(11273)
							(0)
					(0)
							(0)
						(8931)
							(0)
			(0)
					(0)
				(7988)
					(0)
  1   0   2   0   3   0   4   0   5   0   6   0   7   0   8   0   9   0  10   0  11   0  12   0  13   0  14   0  15   0  16   0  17   0  18   0  19   0  20   0   0   0   0   0   0   0   0   0   0   0   0   0 
20 keys 20 distinct keys
	(0)
(0)
		(0)
	(0)
			(0)
		(0)
				(0)
			(0)
					(0)
				(0)
						(0)
					(0)
							(0)
						(0)
								(0)
							(0)
									(0)
								(0)
										(0)
									(0)
											(0)
										(0)
												(0)
											(0)
														(0)
													(0)
																(0)
															(20)
																(0)
														(0)
																		(0)
																	(19)
																		(0)
																(0)
																		(0)
																	(18)
																		(0)
															(0)
																		(0)
																	(17)
																		(0)
																(0)
																		(0)
																	(16)
																		(0)
												(0)
																		(0)
																	(15)
																		(0)
																(0)
																		(0)
																	(14)
																		(0)
															(0)
																		(0)
																	(13)
																		(0)
																(0)
																		(0)
																	(12)
																		(0)
														(0)
																		(0)
																	(11)
																		(0)
																(0)
																		(0)
																	(10)
																		(0)
															(0)
																		(0)
																	(9)
																		(0)
																(0)
																		(0)
																	(8)
																		(0)
													(0)
																		(0)
																	(7)
																		(0)
																(0)
																		(0)
																	(6)
																		(0)
															(0)
																		(0)
																	(5)
																		(0)
																(0)
																		(0)
																	(4)
																		(0)
														(0)
																		(0)
																	(3)
																		(0)
																(0)
																		(0)
																	(2)
																		(0)
															(0)
																	(0)
																(1)
																	(0)
